15 0.106441 0.259352 0.058305 0.097257
16 0.174237 0.257481 0.051525 0.098504
17 0.240339 0.254988 0.048136 0.096010
18 0.376610 0.253117 0.053559 0.089776
19 0.443051 0.252494 0.053559 0.105985
20 0.510508 0.248130 0.054237 0.099751
21 0.573898 0.245636 0.048136 0.097257
22 0.640000 0.246259 0.051525 0.093516
23 0.708814 0.243142 0.048136 0.097257
24 0.771525 0.241272 0.050169 0.091022
25 0.144746 0.384663 0.056271 0.093516
26 0.211186 0.381546 0.053559 0.092269
27 0.276949 0.378429 0.052203 0.091022
28 0.344746 0.374688 0.054915 0.100998
29 0.412203 0.372818 0.051525 0.094763
30 0.477966 0.373441 0.054237 0.096010
31 0.543390 0.367207 0.049492 0.096010
32 0.608136 0.367207 0.052881 0.093516
33 0.672881 0.363466 0.052203 0.096010
34 0.743051 0.360349 0.051525 0.089776
35 0.071186 0.503117 0.105763 0.083541
36 0.160000 0.500623 0.051525 0.096010
37 0.227119 0.498753 0.054237 0.099751
38 0.294576 0.500000 0.056271 0.089776
39 0.363051 0.494389 0.053559 0.093516
40 0.428814 0.496883 0.046780 0.088529
41 0.495593 0.491272 0.051525 0.092269
42 0.560000 0.488155 0.048814 0.086035
43 0.624068 0.491895 0.048136 0.083541
44 0.690847 0.488155 0.051525 0.096010
45 0.197627 0.625935 0.054915 0.097257
46 0.263051 0.617207 0.051525 0.092269
47 0.331186 0.615337 0.052203 0.088529
48 0.397966 0.615337 0.054237 0.091022
49 0.464746 0.609726 0.050847 0.097257
50 0.527119 0.605985 0.046780 0.092269
51 0.594237 0.607232 0.050847 0.092269
52 0.660000 0.607232 0.048136 0.084788
53 0.725085 0.604115 0.049492 0.088529
54 0.128814 0.628429 0.050169 0.097257
55 0.262373 0.740648 0.054237 0.089776
56 0.660339 0.730673 0.054237 0.087282
57 0.725763 0.726309 0.048136 0.096010
58 0.790847 0.723192 0.049492 0.089776
58 0.123729 0.749377 0.072542 0.092269
59 0.044746 0.754364 0.058305 0.099751
60 0.853898 0.698878 0.046780 0.058603
61 0.971864 0.694514 0.045424 0.049875
62 0.806441 0.360349 0.052203 0.104738
