15 0.139977 0.319108 0.071888 0.136306
16 0.205728 0.307643 0.060783 0.126115
17 0.142314 0.452866 0.070719 0.121019
18 0.210403 0.444586 0.058445 0.132484
19 0.268849 0.308280 0.057276 0.135032
20 0.331385 0.305096 0.060783 0.126115
21 0.271186 0.439490 0.057276 0.135032
22 0.333431 0.435032 0.061368 0.128662
23 0.397136 0.437580 0.061368 0.128662
24 0.460257 0.433758 0.061368 0.128662
25 0.525716 0.428662 0.061368 0.128662
26 0.589421 0.435032 0.068381 0.138854
27 0.661309 0.429936 0.061368 0.128662
28 0.395091 0.302548 0.060783 0.126115
29 0.457627 0.298726 0.060783 0.126115
30 0.522501 0.296178 0.060783 0.126115
31 0.587376 0.293631 0.060783 0.126115
32 0.656341 0.293631 0.064290 0.126115
33 0.722385 0.294904 0.064290 0.126115
34 0.175921 0.581529 0.064290 0.126115
35 0.240210 0.580255 0.064290 0.126115
36 0.306838 0.580255 0.064290 0.126115
37 0.372297 0.584076 0.067797 0.115924
38 0.438925 0.585350 0.065459 0.110828
39 0.504676 0.584076 0.067212 0.115924
40 0.571596 0.577707 0.066628 0.123567
41 0.637639 0.577707 0.064290 0.126115
42 0.704267 0.581529 0.064290 0.126115
43 0.782876 0.038854 0.060199 0.075159
44 0.837522 0.041401 0.049094 0.075159
45 0.887785 0.038217 0.049094 0.073885
46 0.955289 0.041401 0.082408 0.075159
47 0.105786 0.721656 0.064290 0.126115
48 0.241964 0.715287 0.064290 0.126115
49 0.036236 0.720382 0.064290 0.126115
50 0.053477 0.450955 0.102279 0.129936
47 0.769725 0.715924 0.068966 0.137580
51 0.638808 0.710828 0.067797 0.137580
